60	1.0	0.0
60	0.875	0.125
60	0.75	0.25
60	0.625	0.375
60	0.5	0.5
60	0.375	0.625
60	0.25	0.75
60	0.125	0.875
50	1.0	0.0
50	0.875	0.125
50	0.75	0.25
50	0.625	0.375
50	0.5	0.5
50	0.375	0.625
50	0.25	0.75
50	0.125	0.875
40	1.0	0.0
40	0.875	0.125
40	0.75	0.25
40	0.625	0.375
40	0.5	0.5
40	0.375	0.625
40	0.25	0.75
40	0.125	0.875
30	1.0	0.0
30	0.875	0.125
30	0.75	0.25
30	0.625	0.375
30	0.5	0.5
30	0.375	0.625
30	0.25	0.75
30	0.125	0.875
20	1.0	0.0
20	0.875	0.125
20	0.75	0.25
20	0.625	0.375
20	0.5	0.5
20	0.375	0.625
20	0.25	0.75
20	0.125	0.875
15	1.0	0.0
15	0.875	0.125
15	0.75	0.25
15	0.625	0.375
15	0.5	0.5
15	0.375	0.625
15	0.25	0.75
15	0.125	0.875
10	1.0	0.0
10	0.875	0.125
10	0.75	0.25
10	0.625	0.375
10	0.5	0.5
10	0.375	0.625
10	0.25	0.75
10	0.125	0.875
8	1.0	0.0
8	0.875	0.125
8	0.75	0.25
8	0.625	0.375
8	0.5	0.5
8	0.375	0.625
8	0.25	0.75
8	0.125	0.875
6	1.0	0.0
6	0.875	0.125
6	0.75	0.25
6	0.625	0.375
6	0.5	0.5
6	0.375	0.625
6	0.25	0.75
6	0.125	0.875
5	1.0	0.0
5	0.875	0.125
5	0.75	0.25
5	0.625	0.375
5	0.5	0.5
5	0.375	0.625
5	0.25	0.75
5	0.125	0.875
4	1.0	0.0
4	0.875	0.125
4	0.75	0.25
4	0.625	0.375
4	0.5	0.5
4	0.375	0.625
4	0.25	0.75
4	0.125	0.875
3	1.0	0.0
3	0.875	0.125
3	0.75	0.25
3	0.625	0.375
3	0.5	0.5
3	0.375	0.625
3	0.25	0.75
3	0.125	0.875
2	1.0	0.0
2	0.875	0.125
2	0.75	0.25
2	0.625	0.375
2	0.5	0.5
2	0.375	0.625
2	0.25	0.75
2	0.125	0.875
1.5	1.0	0.0
1.5	0.875	0.125
1.5	0.75	0.25
1.5	0.625	0.375
1.5	0.5	0.5
1.5	0.375	0.625
1.5	0.25	0.75
1.5	0.125	0.875
1	1.0	0.0
1	0.875	0.125
1	0.75	0.25
1	0.625	0.375
1	0.5	0.5
1	0.375	0.625
1	0.25	0.75
1	0.125	0.875
